              precision    recall  f1-score   support

       Allah       0.71      0.99      0.82       836
       B-LOC       0.84      0.86      0.85       347
      B-MISC       0.76      0.44      0.56        89
       B-ORG       0.78      0.65      0.71       170
      B-PERS       0.67      0.60      0.64       270
        Book       1.00      0.13      0.24        15
        Clan       0.80      0.60      0.68        72
       Crime       0.72      0.52      0.60        25
        Date       0.68      0.52      0.59        65
         Day       0.33      0.75      0.46         4
        Hell       0.83      0.94      0.88        36
       I-LOC       0.72      0.39      0.51        54
      I-MISC       1.00      0.08      0.15        38
       I-ORG       0.54      0.52      0.53        94
      I-PERS       0.49      0.23      0.31       203
         Loc       0.67      0.82      0.74       123
        Meas       0.44      0.24      0.31        17
         Mon       1.00      0.69      0.82        13
       Month       0.67      0.83      0.74        12
       NatOb       0.78      0.83      0.81        72
      Number       0.60      0.73      0.66        83
        Para       0.87      0.96      0.92        28
        Pers       0.93      0.93      0.93      3895
     Prophet       0.97      0.65      0.77       617
        Rlig       0.67      1.00      0.80        18
        Sect       0.00      0.00      0.00         1
        Time       0.00      0.00      0.00         8

   micro avg       0.85      0.83      0.84      7205
   macro avg       0.68      0.59      0.59      7205
weighted avg       0.85      0.83      0.83      7205
